1000
609 308
913 851
683 327
608 988
426 509
18 101
61 192
241 696
512 443
247 808
613 244
840 111
337 51
865 889
493 504
311 82
26 859
163 944
528 540
767 326
475 860
22 921
626 254
51 206
317 763
586 911
443 707
188 741
90 425
555 610
608 206
210 946
615 782
939 743
677 861
892 982
47 344
852 305
794 444
447 274
428 427
442 510
43 873
968 486
805 905
518 24
737 965
961 525
842 333
38 805
593 12
133 530
389 981
265 598
328 156
440 89
764 730
558 335
753 595
262 418
120 7
921 654
236 476
825 565
565 646
13 558
418 395
601 539
166 24
76 654
455 400
297 638
913 725
722 213
427 354
482 742
338 699
463 774
633 522
296 512
340 881
125 401
187 536
272 446
25 272
331 53
826 177
269 879
367 780
166 440
561 923
278 569
704 790
959 541
834 463
162 321
246 228
955 31
577 599
159 595
495 58
998 304
550 491
178 544
645 914
34 89
322 622
671 970
295 999
651 628
427 576
380 43
777 679
548 683
727 940
753 151
278 396
601 781
197 116
852 966
548 273
855 920
875 27
937 119
302 639
363 852
668 129
580 497
1 597
773 992
291 17
765 23
978 270
372 143
70 435
986 264
671 647
743 732
838 436
334 805
821 432
481 539
187 387
939 552
451 453
284 880
462 219
799 53
889 697
286 619
848 884
654 515
15 365
176 389
646 924
641 132
984 689
331 936
45 848
833 618
863 158
645 954
937 554
370 366
961 241
146 334
676 847
574 249
414 230
797 123
701 122
244 708
71 910
352 532
363 200
645 405
548 868
614 26
575 712
682 167
275 263
289 386
746 778
179 54
167 867
899 109
730 812
178 63
583 325
801 265
938 529
830 890
841 495
806 920
308 617
464 217
407 773
350 36
42 729
377 526
196 230
299 208
800 908
986 1
825 427
388 162
700 449
594 196
32 690
492 417
675 432
869 275
97 61
428 510
360 412
702 294
523 82
654 343
60 896
160 121
786 630
217 865
485 149
295 915
956 993
543 490
318 506
465 435
316 727
588 397
496 185
260 528
353 56
65 579
530 360
226 212
840 305
598 150
381 611
246 153
154 812
601 243
292 257
583 332
811 777
407 313
955 315
501 336
228 450
699 39
570 543
893 249
620 694
292 128
684 108
844 935
918 542
186 510
26 862
130 535
948 449
902 215
164 933
485 663
178 753
414 141
719 37
95 502
762 72
968 568
409 925
445 216
224 213
11 341
382 121
378 478
915 635
744 769
924 411
814 700
159 670
917 709
54 378
676 698
23 750
943 501
129 600
35 716
479 665
717 511
787 419
890 566
893 561
944 743
138 624
637 91
869 924
296 997
259 136
602 320
221 510
356 65
676 87
283 817
611 508
608 710
721 186
224 266
69 44
273 859
490 762
598 774
803 497
799 534
70 472
945 819
927 883
533 563
563 476
979 950
88 350
241 836
918 703
586 714
967 761
421 644
46 233
135 952
200 990
238 150
644 590
986 497
107 575
235 348
461 798
169 400
981 17
399 390
406 729
990 428
788 240
95 181
971 174
591 948
184 770
109 818
826 15
6 333
812 159
886 716
264 919
776 827
567 705
747 519
885 838
183 159
808 448
845 790
82 146
538 73
921 891
634 287
29 235
490 438
10 479
410 654
752 356
309 605
198 920
967 227
340 445
973 589
625 372
75 739
292 546
138 189
406 882
464 549
593 857
286 815
869 277
424 760
132 252
930 315
245 342
517 516
801 930
967 963
626 4
949 507
870 709
307 690
631 996
992 957
871 887
330 774
582 391
611 191
711 942
112 81
791 45
793 399
266 93
924 255
924 824
858 936
347 373
572 251
785 59
136 744
972 322
158 601
457 2
230 477
104 204
24 720
327 461
374 680
859 535
232 374
957 516
673 819
892 144
668 484
668 383
943 641
687 429
16 444
782 392
681 40
754 554
225 556
917 686
170 585
677 172
207 453
932 979
537 637
779 989
97 210
40 552
480 242
746 106
385 13
352 342
595 789
446 775
806 208
494 376
834 416
992 473
434 650
827 839
78 231
701 581
478 653
148 806
103 714
828 742
680 293
589 22
319 197
557 793
652 61
927 125
652 90
200 743
159 783
861 564
945 607
796 983
900 170
196 991
721 618
654 619
433 678
921 977
777 832
693 474
965 167
135 76
119 912
693 488
555 877
808 574
620 281
465 283
229 947
307 178
695 111
483 494
306 956
743 56
10 660
249 444
128 850
396 442
492 93
651 644
117 510
20 96
226 739
911 508
113 39
43 251
900 712
255 736
700 239
974 312
215 707
591 992
84 854
886 84
799 960
139 54
630 232
82 662
257 92
967 216
686 180
482 160
800 715
99 27
467 758
429 938
28 199
748 887
676 657
843 493
418 830
218 841
456 280
241 937
794 958
642 113
921 124
193 556
93 112
674 309
268 649
264 771
546 537
707 672
281 57
26 403
150 945
422 20
896 83
423 436
77 339
649 379
831 571
951 934
863 68
9 626
914 329
578 634
55 189
972 856
701 431
747 290
216 476
119 13
395 638
20 346
639 371
120 986
150 755
528 728
785 349
159 866
216 329
24 898
200 50
425 668
847 190
863 456
921 321
422 470
603 840
615 822
700 808
645 380
459 265
925 987
9 147
303 700
828 72
630 749
378 872
835 973
715 994
547 428
780 323
167 666
458 105
773 597
942 3
560 704
568 726
389 220
486 984
188 556
549 462
694 131
492 164
727 318
404 692
542 371
610 333
764 85
272 931
434 717
346 897
903 562
428 685
758 894
618 688
795 290
46 258
956 591
488 268
320 951
833 290
757 743
614 418
367 699
707 142
646 588
526 67
230 475
698 620
854 876
531 844
994 702
128 288
120 292
499 578
694 335
136 371
940 439
468 14
159 846
515 976
232 787
776 811
403 584
353 256
633 138
677 261
886 165
249 953
299 14
113 55
534 904
374 718
922 391
357 863
768 550
251 849
690 636
165 731
70 426
977 250
983 738
772 189
774 643
641 18
141 623
306 906
802 834
810 103
959 985
317 994
259 469
141 751
151 500
897 656
302 941
8 983
630 48
926 629
768 224
895 902
338 758
530 464
271 182
13 346
355 701
88 601
756 282
737 416
429 235
98 626
150 713
667 813
571 344
929 70
719 361
655 48
570 158
971 306
358 684
140 310
625 901
676 102
452 931
85 538
378 914
928 616
66 598
487 66
238 964
282 331
82 232
555 193
955 706
444 719
563 409
508 17
829 137
198 457
904 734
804 512
916 545
727 237
770 805
514 557
435 577
186 351
708 377
566 64
217 621
489 837
933 40
234 272
783 301
140 294
903 691
12 208
573 650
137 368
951 254
77 433
853 113
671 105
60 748
664 572
844 849
497 447
914 669
745 998
868 370
262 659
45 524
10 135
80 942
367 133
933 276
784 806
205 729
746 975
680 202
265 668
928 761
503 901
214 196
33 442
543 319
268 632
460 801
942 949
655 364
592 974
622 441
992 298
440 156
627 84
448 5
711 393
254 450
826 274
535 559
175 8
102 424
500 168
287 154
797 658
471 42
504 723
892 33
565 207
455 945
464 571
389 692
304 359
376 979
661 300
492 110
774 270
316 114
755 985
306 807
697 759
826 437
920 145
772 698
128 198
421 841
814 245
741 827
816 797
450 545
640 533
118 86
679 203
821 678
542 730
41 851
943 677
19 639
170 812
219 837
589 454
248 650
105 79
987 398
75 99
658 69
49 567
415 874
402 953
460 631
494 553
947 746
379 271
648 623
315 371
694 340
962 304
201 941
909 801
674 385
704 60
375 39
45 195
502 209
821 888
898 408
691 510
641 158
479 152
229 536
707 38
693 556
934 536
62 377
436 974
522 606
52 394
675 285
130 244
10 1
940 95
905 267
386 789
529 71
794 94
18 650
52 194
604 372
840 304
505 371
741 494
845 594
147 864
582 252
693 567
782 151
877 596
402 508
823 283
809 615
335 485
211 16
866 551
995 372
732 647
575 324
563 879
66 421
735 925
19 529
626 960
308 565
233 213
197 345
702 842
718 573
415 30
702 733
792 403
907 688
374 791
307 466
28 899
194 633
911 356
241 155
377 874
313 373
708 685
702 260
314 882
5 21
196 724
35 788
253 403
422 222
430 915
322 196
139 332
25 123
661 587
152 423
665 371
446 115
143 137
675 732
369 87
548 173
478 684
797 279
838 498
193 157
511 820
175 735
578 11
661 886
384 369
27 367
969 406
129 926
915 537
767 127
274 480
922 520
612 820
248 284
106 521
684 126
493 134
633 496
33 107
942 766
557 120
122 40
785 793
143 646
234 97
271 362
667 958
318 490
325 204
673 513
396 767
837 929
99 878
568 701
740 262
934 19
917 494
58 161
1000 233
640 74
322 571
542 927
483 413
228 23
66 420
608 658
685 729
706 462
535 199
158 763
100 640
961 223
553 171
992 854
921 24
105 118
772 650
779 684
231 525
875 725
980 994
120 942
696 843
567 527
